30.000000 1400.000000 382829596.532605 198571000.000000 773523169.458412
31.000000 1400.000000 367044636.899445 198571000.000000 757794070.741951
32.000000 1400.000000 335440382.995093 198571000.000000 726199709.347127
63.000000 1400.000000 253644938.162306 198571000.000000 629925386.630079
31.000000 1500.000000 390713130.342195 198571000.000000 289497.240401
28.000000 1600.000000 174434608.405391 198571000.000000 557379553.097707
29.000000 1600.000000 309863688.510495 198571000.000000 697285702.504214
23.000000 1700.000000 390681131.299475 198571000.000000 326825.076524
24.000000 1700.000000 265821020.537141 198571000.000000 643332947.400855
25.000000 1700.000000 428508192.803924 198571000.000000 815288651.687981
26.000000 1700.000000 415390872.838865 198571000.000000 805496555.207624
22.000000 1800.000000 426975204.356563 198571000.000000 813913546.548462
