Success 23.000000 1700.000000
23.000000 1700.000000 326828.330029 391062693.859718
Success 23.100000 1700.000000
23.100000 1700.000000 943392353.601162 669983116.208608
Success 23.200000 1700.000000
23.200000 1700.000000 1073320174.545065 691757402.795097
Success 23.300000 1700.000000
23.300000 1700.000000 789311827.848237 506520237.673200
Success 23.400000 1700.000000
23.400000 1700.000000 390288430.805565 488490.455937
Success 23.500000 1700.000000
23.500000 1700.000000 634603847.494708 407639644.980408
Success 23.600000 1700.000000
23.600000 1700.000000 646313728.749787 449952206.055737
Success 23.700000 1700.000000
23.700000 1700.000000 622095904.561216 424034101.823045
Success 23.800000 1700.000000
23.800000 1700.000000 604689876.456990 401650546.079080
Success 23.900000 1700.000000
23.900000 1700.000000 590908562.019195 383336153.992926
Success 24.000000 1700.000000
24.000000 1700.000000 578006149.224117 367002444.458405
Success 24.100000 1700.000000
24.100000 1700.000000 564486948.731601 350979839.499679
Success 24.200000 1700.000000
24.200000 1700.000000 549626292.639148 334171823.991563
Success 24.300000 1700.000000
24.300000 1700.000000 533121659.334758 315893942.174294
Success 24.400000 1700.000000
24.400000 1700.000000 514894508.849731 295710256.251231
Success 24.500000 1700.000000
24.500000 1700.000000 494985950.213248 273308308.371284
Success 24.600000 1700.000000
24.600000 1700.000000 473509080.757105 248403247.507244
Success 24.700000 1700.000000
24.700000 1700.000000 450642689.688180 220650454.505171
Success 24.800000 1700.000000
24.800000 1700.000000 426674373.843199 189535701.207533
Success 24.900000 1700.000000
24.900000 1700.000000 402152061.075514 154177728.985868
