60x80
0.000000  0.000000  
0.010000  0.000038
0.020000  0.000238
0.030000  0.000400
0.040000  0.000750
0.050000  0.001100
0.060000  0.002813
0.070000  0.002675
0.080000  0.003575
0.090000  0.004400
0.100000  0.005325
0.110000  0.006200
0.120000  0.007775
0.130000  0.008738
0.140000  0.010312
0.150000  0.011200
0.160000  0.012950
0.170000  0.014225
0.180000  0.018037
0.190000  0.019625
0.200000  0.021237
0.210000  0.022975
0.220000  0.025787
0.230000  0.026375
0.240000  0.029037
0.250000  0.031025
0.260000  0.033375
0.270000  0.036425
0.280000  0.039925
0.290000  0.043825
0.300000  0.045200
0.310000  0.048150
0.320000  0.052163
0.330000  0.056300
0.340000  0.061137
0.350000  0.066025
0.360000  0.067500
0.370000  0.072375
0.380000  0.077725
0.390000  0.086812
0.400000  0.089950
0.410000  0.105263
0.420000  0.112375
0.430000  0.123738
0.440000  0.133175
0.450000  0.144888
0.460000  0.156987
0.470000  0.174325
0.480000  0.193438
0.490000  0.210825
0.500000  0.245600
0.510000  0.282175
0.520000  0.316325
0.530000  0.386325
0.540000  0.453088
0.550000  0.544675
0.560000  0.673325
0.570000  0.820425
0.580000  1.038737
0.590000  1.271150
0.600000  1.506875
0.610000  1.613362
0.620000  1.694812
0.630000  1.679537
0.640000  1.649563
0.650000  1.615413
0.660000  1.557037
0.670000  1.510587
0.680000  1.466988
0.690000  1.435075
0.700000  1.394675
0.710000  1.368338
0.720000  1.341625
0.730000  1.318963
0.740000  1.297962
0.750000  1.279250
0.760000  1.260712
0.770000  1.241725
0.780000  1.227263
0.790000  1.210812
0.800000  1.197812
0.810000  1.184612
0.820000  1.171312
0.830000  1.159325
0.840000  1.147550
0.850000  1.137888
0.860000  1.127550
0.870000  1.116650
0.880000  1.106750
0.890000  1.097525
0.900000  1.087800
0.910000  1.079813
0.920000  1.070038
0.930000  1.061200
0.940000  1.052937
0.950000  1.043288
0.960000  1.034700
0.970000  1.025737
0.980000  1.014188
0.990000  0.987500
1.000000  0.987500
