120x160
0.000000  0.000000
0.010000  0.000056
0.020000  0.000250
0.030000  0.000512
0.040000  0.000856
0.050000  0.001313
0.060000  0.002869
0.070000  0.002644
0.080000  0.003394
0.090000  0.004038
0.100000  0.005019
0.110000  0.005737
0.120000  0.006600
0.130000  0.007731
0.140000  0.008394
0.150000  0.009125
0.160000  0.010462
0.170000  0.011437
0.180000  0.013444
0.190000  0.014444
0.200000  0.015637
0.210000  0.016700
0.220000  0.018113
0.230000  0.019275
0.240000  0.020894
0.250000  0.022444
0.260000  0.024125
0.270000  0.025625
0.280000  0.027125
0.290000  0.029631
0.300000  0.031650
0.310000  0.033844
0.320000  0.036387
0.330000  0.039212
0.340000  0.041462
0.350000  0.044525
0.360000  0.048163
0.370000  0.051675
0.380000  0.054988
0.390000  0.061144
0.400000  0.066262
0.410000  0.071350
0.420000  0.076269
0.430000  0.084575
0.440000  0.093638
0.450000  0.101750
0.460000  0.112162
0.470000  0.122419
0.480000  0.143481
0.490000  0.159050
0.500000  0.180488
0.510000  0.211419
0.520000  0.247944
0.530000  0.290637
0.540000  0.364269
0.550000  0.443613
0.560000  0.618375
0.570000  0.845225
0.580000  1.193656
0.590000  1.609031
0.600000  1.840056
0.610000  1.876419
0.620000  1.788606
0.630000  1.709556
0.640000  1.618006
0.650000  1.549100
0.660000  1.499863
0.670000  1.458187
0.680000  1.418056
0.690000  1.384963
0.700000  1.356381
0.710000  1.329975
0.720000  1.307519
0.730000  1.286550
0.740000  1.267637
0.750000  1.250319
0.760000  1.233044
0.770000  1.217706
0.780000  1.203712
0.790000  1.189638
0.800000  1.177656
0.810000  1.165356
0.820000  1.154000
0.830000  1.143312
0.840000  1.132819
0.850000  1.122587
0.860000  1.112950
0.870000  1.103769
0.880000  1.095094
0.890000  1.086131
0.900000  1.077844
0.910000  1.069681
0.920000  1.061787
0.930000  1.053862
0.940000  1.046231
0.950000  1.038394
0.960000  1.030594
0.970000  1.022587
0.980000  1.013375
0.990000  0.993750
1.000000  0.993750