30x40
0.000000  0.000000
0.010000  0.000000
0.020000  0.000025
0.030000  0.000150
0.040000  0.000350
0.050000  0.000725
0.060000  0.001950
0.070000  0.002375
0.080000  0.002800
0.090000  0.003300
0.100000  0.004950
0.110000  0.006125
0.120000  0.007225
0.130000  0.009275
0.140000  0.010750
0.150000  0.011125
0.160000  0.014600
0.170000  0.015825
0.180000  0.019475
0.190000  0.020950
0.200000  0.023425
0.210000  0.025950
0.220000  0.028625
0.230000  0.032425
0.240000  0.034450
0.250000  0.039000
0.260000  0.042500
0.270000  0.044350
0.280000  0.049525
0.290000  0.049925
0.300000  0.056025
0.310000  0.062850
0.320000  0.065725
0.330000  0.070575
0.340000  0.077550
0.350000  0.082625
0.360000  0.090100
0.370000  0.096825
0.380000  0.101975
0.390000  0.114150
0.400000  0.120875
0.410000  0.133275
0.420000  0.141775
0.430000  0.148975
0.440000  0.165175
0.450000  0.180150
0.460000  0.199000
0.470000  0.218450
0.480000  0.242025
0.490000  0.265350
0.500000  0.299275
0.510000  0.326775
0.520000  0.362475
0.530000  0.434875
0.540000  0.494950
0.550000  0.555975
0.560000  0.662425
0.570000  0.760025
0.580000  0.886250
0.590000  0.991925
0.600000  1.120275
0.610000  1.235575
0.620000  1.326600
0.630000  1.414350
0.640000  1.460000
0.650000  1.482300
0.660000  1.490850
0.670000  1.478725
0.680000  1.478350
0.690000  1.458975
0.700000  1.431175
0.710000  1.406600
0.720000  1.376400
0.730000  1.358875
0.740000  1.328200
0.750000  1.306400
0.760000  1.289700
0.770000  1.269275
0.780000  1.252125
0.790000  1.234175
0.800000  1.221275
0.810000  1.205550
0.820000  1.192550
0.830000  1.179425
0.840000  1.165275
0.850000  1.154750
0.860000  1.140550
0.870000  1.130100
0.880000  1.118475
0.890000  1.108150
0.900000  1.097600
0.910000  1.086850
0.920000  1.077800
0.930000  1.066900
0.940000  1.056825
0.950000  1.047150
0.960000  1.035100
0.970000  1.025600
0.980000  1.010750
0.990000  0.975000
1.000000  0.975000